3,2
3,1
3,3
10,177
10,219
10,9
10,303
10,249
10,211
10,285
10,27
11,13
11,7
11,16
11,17
11,15
9,5
8,13
8,8
8,10
8,15
8,7
8,2
8,3
57,3
57,2
57,1
57,0
56,4
56,3
56,2
56,1
56,0
55,3
55,2
55,1
55,0
54,4
54,3
54,2
54,1
54,0
53,3
53,2
53,1
53,0
52,3
52,2
52,1
52,0
51,5
51,4
51,3
51,2
51,1
51,0
50,3
50,2
50,1
50,0
49,4
49,3
49,2
49,1
49,0
48,3
48,2
48,1
48,0
20,3
20,2
20,1
19,3
19,2
19,1
18,3
18,1
14,3
14,1
12,3
13,1
12,2
13,3
12,1
11,27
11,26
11,25
11,23
11,22
11,19
11,14
11,12
11,11
11,10
11,8
11,5
11,4
11,3
11,2
11,1
10,298
10,272
10,270
10,238
10,232
10,218
10,212
